# n = band, j = orbital, E_n: energy, W_jn: weight
# k E_0 W_00 W_10 ... W_M0
# k E_1 W_01 W_11 ... W_M1
# ...
# k E_d W_0d W_1d ... W_dd
# Emax = 11.705427330103646
# Emin = -8.066259617775291
# num_wann = 2
# shifted by fermi energy = 0.0 [eV] 

0.000000000000000000   -8.066259617775291   0.4999999999996237 0.5000000000003761
0.004742096666844606   -8.063134916078129   0.49999999999978495 0.5000000000002152
0.009484193333689212   -8.053911427351972   0.4999999999998751 0.5000000000001248
0.014226290000533819   -8.038955869327305   0.49999999999985184 0.5000000000001477
0.018968386667378424   -8.018640926960758   0.49999999999972405 0.5000000000002762
0.023710483334223030   -7.993122327677142   0.49999999999954836 0.5000000000004517
0.028452580001067634   -7.962223683151806   0.49999999999940314 0.5000000000005967
0.033194676667912240   -7.925494958394845   0.49999999999935113 0.500000000000649
0.037936773334756850   -7.882421472947484   0.49999999999941 0.5000000000005896
0.042678870001601456   -7.8326829982921975  0.49999999999954503 0.500000000000455
0.047420966668446064   -7.776335136513103   0.49999999999968525 0.5000000000003149
0.052163063335290670   -7.713820781138111   0.4999999999997586 0.5000000000002413
0.056905160002135280   -7.6458012978761785  0.49999999999972733 0.500000000000273
0.061647256668979890   -7.572885237690137   0.49999999999960815 0.5000000000003917
0.066389353335824490   -7.495381266340042   0.49999999999946637 0.5000000000005339
0.071131450002669100   -7.413185949007232   0.49999999999939054 0.5000000000006093
0.075873546669513710   -7.325848602662051   0.49999999999945244 0.5000000000005477
0.080615643336358320   -7.232775787104511   0.4999999999996763 0.5000000000003235
0.085357740003202930   -7.133485342807662   0.5000000000000245 0.4999999999999754
0.090099836670047530   -7.0278077343406515  0.5000000000004053 0.4999999999995944
0.094841933336892140   -6.915956197277364   0.5000000000007008 0.499999999999299
0.099584030003736750   -6.798439467455033   0.5000000000008047 0.4999999999991954
0.104326126670581360   -6.675859486607786   0.5000000000006581 0.49999999999934186
0.109068223337425970   -6.548692042357942   0.500000000000273 0.4999999999997269
0.113810320004270580   -6.417153746042912   0.4999999999997385 0.5000000000002615
0.118552416671115180   -6.281204672533879   0.4999999999992111 0.5000000000007887
0.123294513337959800   -6.140659285175963   0.49999999999889 0.5000000000011098
0.128036610004804400   -5.995332153741687   0.49999999999898137 0.5000000000010186
0.132778706671649000   -5.8451513812586775  0.4999999999996515 0.5000000000003486
0.137520803338493620   -5.690210651996777   0.5000000000009747 0.49999999999902534
0.142262900005338230   -5.530765799766424   0.500000000002884 0.4999999999971163
0.147004996672182840   -5.367196443109873   0.5000000000051459 0.49999999999485395
0.151747093339027440   -5.1999525253916     0.5000000000073777 0.4999999999926222
0.156489190005872050   -5.029502078967362   0.5000000000091179 0.4999999999908819
0.161231286672716660   -4.856295885894809   0.5000000000099382 0.499999999990062
0.165973383339561270   -4.680763473743637   0.5000000000095641 0.499999999990436
0.170715480006405880   -4.50334780114027    0.5000000000079676 0.4999999999920319
0.175457576673250500   -4.32457310889105    0.5000000000053952 0.49999999999460476
0.180199673340095100   -4.145127744140349   0.500000000002321 0.499999999997679
0.184941770006939700   -3.9659388409295917  0.49999999999933575 0.5000000000006642
0.189683866673784300   -3.78822261637896    0.49999999999700573 0.5000000000029944
0.194425963340628920   -3.613510361037229   0.4999999999957385 0.5000000000042611
0.199168060007473530   -3.4436673566090805  0.4999999999957033 0.5000000000042969
0.203910156674318140   -3.280928755149062   0.4999999999968216 0.5000000000031785
0.208652253341162750   -3.1279649640664657  0.4999999999988219 0.5000000000011781
0.213394350008007360   -2.9879592891018607  0.5000000000013236 0.49999999999867634
0.218136446674851960   -2.864641573332862   0.5000000000039042 0.4999999999960954
0.222878543341696570   -2.7621903988572614  0.5000000000061334 0.4999999999938665
0.227620640008541180   -2.684917199940976   0.5000000000075812 0.49999999999241856
0.232362736675385800   -2.6367051487291167  0.5000000000078593 0.49999999999214034
0.237104833342230400   -2.620301834222436   0.5000000000067253 0.4999999999932747
0.237104833342230400   -2.620301834222436   0.5000000000067253 0.4999999999932747
0.239842656751259180   -2.6193146220280843  0.5000000000059714 0.49999999999402855
0.242580480160287960   -2.6163536240617584  0.5000000000049045 0.4999999999950951
0.245318303569316750   -2.6114207155409592  0.5000000000036356 0.4999999999963641
0.248056126978345530   -2.6045188831781347  0.5000000000022996 0.49999999999770034
0.250793950387374300   -2.595652007444687   0.5000000000010407 0.4999999999989588
0.253531773796403070   -2.584824542895951   0.4999999999999955 0.5000000000000048
0.256269597205431850   -2.5720410913814127  0.499999999999277 0.500000000000723
0.259007420614460640   -2.5573058725830298  0.4999999999989602 0.5000000000010396
0.261745244023489400   -2.5406221105754767  0.4999999999990742 0.5000000000009256
0.264483067432518200   -2.521991372426985   0.49999999999959827 0.5000000000004016
0.267220890841547000   -2.5014129133033456  0.5000000000004635 0.49999999999953626
0.269958714250575770   -2.478883099833995   0.5000000000015631 0.49999999999843675
0.272696537659604550   -2.4543949969628365  0.5000000000027612 0.49999999999723893
0.275434361068633340   -2.427938209952409   0.5000000000039129 0.4999999999960869
0.278172184477662100   -2.3994990691690425  0.5000000000048793 0.4999999999951205
0.280910007886690900   -2.3690612276331318  0.5000000000055442 0.49999999999445605
0.283647831295719700   -2.3366067082823774  0.5000000000058278 0.4999999999941719
0.286385654704748470   -2.3021173899998395  0.5000000000056971 0.49999999999430267
0.289123478113777250   -2.2655768622232717  0.5000000000051689 0.499999999994831
0.291861301522806040   -2.2269725139390193  0.5000000000043078 0.4999999999956924
0.294599124931834800   -2.186297663045329   0.5000000000032184 0.4999999999967817
0.297336948340863600   -2.143553486621841   0.5000000000020332 0.49999999999796635
0.300074771749892400   -2.0987504913776833  0.5000000000008958 0.49999999999910416
0.302812595158921170   -2.0519092742454235  0.49999999999994293 0.500000000000057
0.305550418567949960   -2.00306036990857    0.499999999999288 0.5000000000007122
0.308288241976978740   -1.952243064304819   0.4999999999990076 0.5000000000009927
0.311026065386007500   -1.8995031645868163  0.4999999999991295 0.5000000000008705
0.313763888795036300   -1.84488984493215    0.49999999999963174 0.5000000000003683
0.316501712204065100   -1.7884518178543332  0.5000000000004415 0.4999999999995586
0.319239535613093870   -1.7302331937773363  0.5000000000014458 0.4999999999985539
0.321977359022122660   -1.670269469469364   0.500000000002503 0.49999999999749734
0.324715182431151440   -1.6085841137134198  0.5000000000034603 0.4999999999965399
0.327453005840180200   -1.5451861875466761  0.5000000000041721 0.49999999999582784
0.330190829249209000   -1.4800693455324727  0.500000000004518 0.4999999999954823
0.332928652658237800   -1.4132124212536485  0.5000000000044196 0.4999999999955801
0.335666476067266600   -1.344581619793281   0.5000000000038514 0.4999999999961488
0.338404299476295360   -1.274134143884619   0.5000000000028495 0.4999999999971505
0.341142122885324140   -1.2018228939309485  0.5000000000015108 0.49999999999848915
0.343879946294352900   -1.127601731194667   0.4999999999999894 0.5000000000000108
0.346617769703381700   -1.0514307013358786  0.49999999999848443 0.5000000000015157
0.349355593112410500   -0.9732805989538024  0.49999999999722994 0.5000000000027699
0.352093416521439300   -0.8931363199923421  0.4999999999964785 0.5000000000035216
0.354831239930468060   -0.8109985930452508  0.4999999999964939 0.500000000003506
0.357569063339496840   -0.7268838855832381  0.4999999999975565 0.5000000000024436
0.360306886748525600   -0.6408225191994217  0.5000000000000007 0.4999999999999996
0.363044710157554400   -0.5528552648996137  0.5000000000043355 0.49999999999566425
0.365782533566583200   -0.4630288901531714  0.5000000000116391 0.4999999999883613
0.368520356975612000   -0.3713912639217742  0.5000000000251462 0.4999999999748536
0.371258180384640760   -0.2779866746632587  0.5000000000613591 0.49999999993864086
0.373996003793669540   -0.18286589254164592 0.5000002292802321 0.499999770719768
0.373996003793669540   -0.18286589254164592 0.5000002292802321 0.499999770719768
0.379471650610905700   -0.37977731891579336 0.5000000000243092 0.4999999999756908
0.384947297428141900   -0.5851616006737179  0.5000000000038174 0.4999999999961827
0.390422944245378050   -0.7978623898414503  0.4999999999966575 0.5000000000033424
0.395898591062614200   -1.0169378184335605  0.49999999999486683 0.5000000000051333
0.401374237879850400   -1.2416471356534908  0.49999999999633 0.5000000000036698
0.406849884697086550   -1.4713391846543902  0.4999999999993742 0.5000000000006257
0.412325531514322700   -1.7052999784440648  0.5000000000023651 0.49999999999763506
0.417801178331558900   -1.942635064678773   0.5000000000040046 0.49999999999599537
0.423276825148795060   -2.182244911690863   0.5000000000036793 0.4999999999963207
0.428752471966031200   -2.4229066385844718  0.5000000000016039 0.4999999999983959
0.434228118783267400   -2.663425149512853   0.49999999999867634 0.5000000000013235
0.439703765600503560   -2.902785586681048   0.49999999999608913 0.5000000000039106
0.445179412417739730   -3.140241399748808   0.4999999999948532 0.5000000000051467
0.450655059234975900   -3.375305568849384   0.4999999999954226 0.5000000000045773
0.456130706052212060   -3.607658812709754   0.4999999999975622 0.5000000000024378
0.461606352869448230   -3.8370246903878757  0.5000000000004929 0.4999999999995069
0.467081999686684400   -4.063070661353112   0.5000000000032361 0.499999999996764
0.472557646503920570   -4.285374296667648   0.5000000000049969 0.4999999999950031
0.478033293321156740   -4.503457456345744   0.5000000000054324 0.4999999999945677
0.483508940138392900   -4.716858014056395   0.5000000000047057 0.4999999999952943
0.488984586955629100   -4.925194786162531   0.5000000000033336 0.4999999999966663
0.494460233772865240   -5.128191461802032   0.5000000000019197 0.4999999999980803
0.499935880590101400   -5.325651574706326   0.5000000000009012 0.49999999999909867
0.505411527407337600   -5.517403654740157   0.5000000000004168 0.49999999999958306
0.510887174224573900   -5.70324974734178    0.5000000000003277 0.4999999999996722
0.516362821041810100   -5.882945904332189   0.5000000000003582 0.49999999999964195
0.521838467859046300   -6.056224544339014   0.5000000000002662 0.4999999999997336
0.527314114676282500   -6.222846681594101   0.4999999999999613 0.5000000000000389
0.532789761493518800   -6.382657802624239   0.49999999999951916 0.5000000000004807
0.538265408310755000   -6.5356200817253916  0.4999999999991106 0.5000000000008894
0.543741055127991200   -6.681804112194172   0.4999999999988894 0.5000000000011106
0.549216701945227400   -6.821339180335366   0.499999999998909 0.500000000001091
0.554692348762463600   -6.954335607110519   0.49999999999910416 0.5000000000008956
0.560167995579699900   -7.080801759223096   0.49999999999933686 0.5000000000006631
0.565643642396936100   -7.200581107257133   0.4999999999994741 0.5000000000005259
0.571119289214172300   -7.3133318636178375  0.49999999999945305 0.5000000000005468
0.576594936031408500   -7.4185636353681135  0.49999999999930045 0.5000000000006997
0.582070582848644800   -7.515731960267928   0.49999999999910244 0.5000000000008975
0.587546229665881000   -7.604373422730816   0.49999999999895295 0.5000000000010468
0.593021876483117200   -7.684245331842751   0.49999999999890476 0.5000000000010952
0.598497523300353400   -7.755422263389546   0.49999999999895295 0.5000000000010472
0.603973170117589700   -7.818305442787872   0.49999999999905187 0.5000000000009479
0.609448816934825900   -7.87352406000815    0.4999999999991494 0.5000000000008508
0.614924463752062100   -7.921745674473134   0.4999999999992147 0.5000000000007851
0.620400110569298300   -7.963452338919563   0.49999999999925065 0.5000000000007493
0.625875757386534600   -7.998762106942324   0.49999999999928035 0.5000000000007196
0.631351404203770800   -8.027368473244682   0.4999999999993279 0.5000000000006719
0.636827051021007000   -8.04863133702452    0.4999999999994047 0.5000000000005954
0.642302697838243200   -8.061795456360652   0.49999999999950645 0.5000000000004935
0.647778344655479500   -8.066259617775291   0.4999999999996237 0.5000000000003761

0.000000000000000000   11.705427330103646   0.5000000000003761 0.4999999999996237
0.004742096666844606   11.696566231796373   0.500000000000215 0.4999999999997851
0.009484193333689212   11.670126562032108   0.5000000000001249 0.4999999999998751
0.014226290000533819   11.626429351931902   0.500000000000148 0.49999999999985156
0.018968386667378424   11.565730867530892   0.5000000000002758 0.4999999999997244
0.023710483334223030   11.488050597818699   0.5000000000004516 0.4999999999995487
0.028452580001067634   11.393245279644727   0.5000000000005967 0.49999999999940314
0.033194676667912240   11.281344261605211   0.5000000000006488 0.4999999999993513
0.037936773334756850   11.152963903158426   0.5000000000005898 0.49999999999940986
0.042678870001601456   11.00951348188871    0.5000000000004547 0.4999999999995449
0.047420966668446064   10.852974861906452   0.5000000000003147 0.4999999999996854
0.052163063335290670   10.685265295571845   0.5000000000002414 0.4999999999997584
0.056905160002135280   10.507461752787865   0.5000000000002727 0.49999999999972783
0.061647256668979890   10.319319372979955   0.5000000000003918 0.49999999999960804
0.066389353335824490   10.11944276576501    0.5000000000005336 0.49999999999946637
0.071131450002669100   9.906170467372814    0.5000000000006094 0.4999999999993904
0.075873546669513710   9.67884654124518     0.5000000000005477 0.49999999999945244
0.080615643336358320   9.438884202533968    0.5000000000003235 0.4999999999996763
0.085357740003202930   9.19003304900255     0.4999999999999754 0.5000000000000248
0.090099836670047530   8.937565384276178    0.4999999999995945 0.5000000000004053
0.094841933336892140   8.68657227592819     0.49999999999929917 0.5000000000007004
0.099584030003736750   8.43999718475114     0.49999999999919525 0.5000000000008047
0.104326126670581360   8.197233020095858    0.49999999999934186 0.5000000000006581
0.109068223337425970   7.953955232693636    0.4999999999997269 0.500000000000273
0.113810320004270580   7.703392127335028    0.5000000000002615 0.4999999999997383
0.118552416671115180   7.438632030821421    0.5000000000007889 0.4999999999992111
0.123294513337959800   7.155109443618934    0.50000000000111 0.49999999999889
0.128036610004804400   6.852320450851081    0.5000000000010186 0.49999999999898137
0.132778706671649000   6.53413518252545     0.5000000000003485 0.4999999999996515
0.137520803338493620   6.2076465114143815   0.4999999999990252 0.5000000000009748
0.142262900005338230   5.881056608195644    0.49999999999711614 0.5000000000028844
0.147004996672182840   5.561421459187415    0.4999999999948541 0.5000000000051458
0.151747093339027440   5.253041972256824    0.49999999999262235 0.5000000000073773
0.156489190005872050   4.956960258236772    0.49999999999088207 0.5000000000091179
0.161231286672716660   4.671558211175484    0.49999999999006184 0.5000000000099385
0.165973383339561270   4.393862142292127    0.499999999990436 0.5000000000095641
0.170715480006405880   4.120977734629703    0.49999999999203215 0.5000000000079675
0.175457576673250500   3.8511518889456315   0.4999999999946046 0.5000000000053956
0.180199673340095100   3.5842096642261714   0.49999999999767913 0.500000000002321
0.184941770006939700   3.321409086981817    0.500000000000664 0.4999999999993356
0.189683866673784300   3.0649637694348124   0.5000000000029943 0.4999999999970059
0.194425963340628920   2.817536178784995    0.5000000000042613 0.49999999999573835
0.199168060007473530   2.5819180605689462   0.5000000000042968 0.4999999999957033
0.203910156674318140   2.3609621114540937   0.5000000000031786 0.4999999999968217
0.208652253341162750   2.1576945628585027   0.5000000000011781 0.4999999999988219
0.213394350008007360   1.9754733564640599   0.49999999999867634 0.5000000000013236
0.218136446674851960   1.8180624036302868   0.49999999999609557 0.5000000000039041
0.222878543341696570   1.6895354547524617   0.4999999999938667 0.5000000000061333
0.227620640008541180   1.593971374946399    0.49999999999241873 0.5000000000075812
0.232362736675385800   1.534955827960434    0.4999999999921405 0.500000000007859
0.237104833342230400   1.5149843275972734   0.4999999999932747 0.5000000000067253
0.237104833342230400   1.5149843275972734   0.4999999999932747 0.5000000000067253
0.239842656751259180   1.5147448895029065   0.4999999999940284 0.5000000000059716
0.242580480160287960   1.514029368786471    0.49999999999509526 0.5000000000049044
0.245318303569316750   1.5128450089776835   0.4999999999963642 0.5000000000036353
0.248056126978345530   1.51120031178288     0.49999999999770034 0.5000000000022996
0.250793950387374300   1.5091004107078623   0.4999999999989591 0.5000000000010406
0.253531773796403070   1.5065419192904463   0.5000000000000044 0.49999999999999567
0.256269597205431850   1.5035082880090065   0.500000000000723 0.49999999999927686
0.259007420614460640   1.4999666391424646   0.5000000000010396 0.4999999999989602
0.261745244023489400   1.4958668018257253   0.5000000000009258 0.4999999999990742
0.264483067432518200   1.4911428798966853   0.5000000000004017 0.4999999999995981
0.267220890841547000   1.4857172186100485   0.49999999999953626 0.5000000000004635
0.269958714250575770   1.479506173942132    0.49999999999843686 0.500000000001563
0.272696537659604550   1.4724267125857504   0.49999999999723893 0.5000000000027611
0.275434361068633340   1.4644026515578785   0.4999999999960869 0.5000000000039131
0.278172184477662100   1.45536932818485     0.4999999999951207 0.5000000000048793
0.280910007886690900   1.4452756853994304   0.49999999999445593 0.5000000000055443
0.283647831295719700   1.4340831393301943   0.49999999999417205 0.5000000000058278
0.286385654704748470   1.421761109336023    0.49999999999430267 0.5000000000056971
0.289123478113777250   1.4082796546710012   0.499999999994831 0.5000000000051689
0.291861301522806040   1.3936001857265417   0.4999999999956924 0.5000000000043078
0.294599124931834800   1.3776656138235719   0.4999999999967815 0.5000000000032184
0.297336948340863600   1.3603915021944042   0.4999999999979666 0.500000000002033
0.300074771749892400   1.3416597419299578   0.499999999999104 0.5000000000008956
0.302812595158921170   1.3213159967356702   0.5000000000000571 0.49999999999994277
0.305550418567949960   1.299171673919878    0.500000000000712 0.49999999999928835
0.308288241976978740   1.275010554240004    0.5000000000009925 0.4999999999990078
0.311026065386007500   1.2485995416335292   0.5000000000008705 0.4999999999991296
0.313763888795036300   1.2197023765521406   0.5000000000003684 0.4999999999996316
0.316501712204065100   1.1880946885837373   0.4999999999995586 0.5000000000004415
0.319239535613093870   1.153578519396673    0.499999999998554 0.5000000000014458
0.321977359022122660   1.1159944673966264   0.499999999997497 0.5000000000025031
0.324715182431151440   1.0752298932753337   0.4999999999965396 0.5000000000034607
0.327453005840180200   1.0312221432389608   0.49999999999582784 0.500000000004172
0.330190829249209000   0.9839564216089828   0.49999999999548195 0.5000000000045182
0.332928652658237800   0.9334586796587576   0.4999999999955804 0.5000000000044192
0.335666476067266600   0.879784575693336    0.4999999999961488 0.5000000000038514
0.338404299476295360   0.8230061010325076   0.49999999999715067 0.5000000000028493
0.341142122885324140   0.7631977776048122   0.499999999998489 0.5000000000015108
0.343879946294352900   0.7004243690482904   0.5000000000000108 0.4999999999999894
0.346617769703381700   0.6347318034894679   0.5000000000015156 0.4999999999984846
0.349355593112410500   0.566142519509293    0.5000000000027699 0.49999999999722994
0.352093416521439300   0.4946557902872617   0.5000000000035216 0.4999999999964785
0.354831239930468060   0.4202528521153457   0.5000000000035061 0.4999999999964939
0.357569063339496840   0.34290596923169614  0.5000000000024433 0.4999999999975567
0.360306886748525600   0.26259000720066045  0.49999999999999944 0.5000000000000007
0.363044710157554400   0.17929474048482927  0.49999999999566425 0.5000000000043355
0.365782533566583200   0.09303603299124528  0.499999999988361 0.5000000000116394
0.368520356975612000   0.003864211996268782 0.4999999999748536 0.5000000000251463
0.371258180384640760   -0.08813162327306773 0.4999999999386407 0.5000000000613589
0.373996003793669540   -0.18281010029580377 0.4999997707197678 0.5000002292802322
0.373996003793669540   -0.18281010029580377 0.4999997707197678 0.5000002292802322
0.379471650610905700   0.01265498605700093  0.4999999999756908 0.5000000000243092
0.384947297428141900   0.21471185059799489  0.4999999999961827 0.5000000000038174
0.390422944245378050   0.42373169482654927  0.5000000000033424 0.4999999999966575
0.395898591062614200   0.6399776602749813   0.5000000000051333 0.49999999999486683
0.401374237879850400   0.8633645675112993   0.5000000000036698 0.49999999999633
0.406849884697086550   1.0934419350968263   0.5000000000006257 0.4999999999993742
0.412325531514322700   1.3295893314804899   0.49999999999763506 0.5000000000023651
0.417801178331558900   1.571295738693158    0.49999999999599537 0.5000000000040046
0.423276825148795060   1.8183587279074516   0.4999999999963207 0.5000000000036793
0.428752471966031200   2.0708984455763813   0.4999999999983959 0.5000000000016039
0.434228118783267400   2.329194543973299    0.5000000000013235 0.49999999999867634
0.439703765600503560   2.5934524350795236   0.5000000000039106 0.49999999999608913
0.445179412417739730   2.8636334801702823   0.5000000000051467 0.4999999999948532
0.450655059234975900   3.1394315909405948   0.5000000000045773 0.4999999999954226
0.456130706052212060   3.420383769146645    0.5000000000024378 0.4999999999975622
0.461606352869448230   3.70602459375049     0.4999999999995069 0.5000000000004929
0.467081999686684400   3.995980144662398    0.499999999996764 0.5000000000032361
0.472557646503920570   4.289949503464689    0.4999999999950031 0.5000000000049969
0.478033293321156740   4.587604072348308    0.4999999999945677 0.5000000000054324
0.483508940138392900   4.888491940416731    0.4999999999952943 0.5000000000047057
0.488984586955629100   5.192029589223547    0.4999999999966663 0.5000000000033336
0.494460233772865240   5.49760008258154     0.4999999999980803 0.5000000000019197
0.499935880590101400   5.8046970243130875   0.49999999999909867 0.5000000000009012
0.505411527407337600   6.113010029421126    0.49999999999958306 0.5000000000004168
0.510887174224573900   6.422371392104135    0.4999999999996722 0.5000000000003277
0.516362821041810100   6.732564222924899    0.49999999999964195 0.5000000000003582
0.521838467859046300   7.043082330460197    0.4999999999997336 0.5000000000002662
0.527314114676282500   7.3529758875522635   0.5000000000000389 0.4999999999999613
0.532789761493518800   7.66088405662673     0.5000000000004807 0.49999999999951916
0.538265408310755000   7.965260298141401    0.5000000000008894 0.4999999999991106
0.543741055127991200   8.26468964837586     0.5000000000011106 0.4999999999988894
0.549216701945227400   8.558139884097557    0.500000000001091 0.499999999998909
0.554692348762463600   8.845014317361011    0.5000000000008956 0.49999999999910416
0.560167995579699900   9.124971417402435    0.5000000000006631 0.49999999999933686
0.565643642396936100   9.397594445106673    0.5000000000005259 0.4999999999994741
0.571119289214172300   9.66207051987491     0.5000000000005468 0.49999999999945305
0.576594936031408500   9.91703367877396     0.5000000000006997 0.49999999999930045
0.582070582848644800   10.160644844641872   0.5000000000008975 0.49999999999910244
0.587546229665881000   10.390867341507647   0.5000000000010468 0.49999999999895295
0.593021876483117200   10.605808450641101   0.5000000000010952 0.49999999999890476
0.598497523300353400   10.803977189694544   0.5000000000010472 0.49999999999895295
0.603973170117589700   10.984360212366754   0.5000000000009479 0.49999999999905187
0.609448816934825900   11.146309284732649   0.5000000000008508 0.4999999999991494
0.614924463752062100   11.289316939467573   0.5000000000007851 0.4999999999992147
0.620400110569298300   11.41279390103266    0.5000000000007493 0.49999999999925065
0.625875757386534600   11.515943209077859   0.5000000000007196 0.49999999999928035
0.631351404203770800   11.597770610271418   0.5000000000006719 0.4999999999993279
0.636827051021007000   11.657211205501097   0.5000000000005954 0.4999999999994047
0.642302697838243200   11.693315007053688   0.5000000000004935 0.49999999999950645
0.647778344655479500   11.705427330103646   0.5000000000003761 0.4999999999996237

