# n = band, j = orbital, E_n: energy, W_jn: weight
# k E_0 W_00 W_10 ... W_M0
# k E_1 W_01 W_11 ... W_M1
# ...
# k E_d W_0d W_1d ... W_dd
# Emax = 11.561605408399675
# Emin = -8.000779639826032
# num_wann = 2
# shifted by fermi energy = -0.1863 [eV] 

0.000000000000000000   -7.814479639826032   0.4999999999999999 0.4999999999999999
0.005475646817236179   -7.810999617532749   0.4999999999999999 0.4999999999999999
0.010951293634472357   -7.800554898711494   0.4999999999999999 0.4999999999999999
0.016426940451708536   -7.783131545795149   0.4999999999999999 0.4999999999999999
0.021902587268944715   -7.758706395144185   0.4999999999999999 0.4999999999999999
0.027378234086180894   -7.727247172015167   0.4999999999999999 0.4999999999999999
0.032853880903417070   -7.688712683726882   0.4999999999999999 0.4999999999999999
0.038329527720653250   -7.643053121373381   0.4999999999999999 0.4999999999999999
0.043805174537889430   -7.590210506518463   0.4999999999999999 0.4999999999999999
0.049280821355125610   -7.5301193235772     0.4999999999999999 0.4999999999999999
0.054756468172361794   -7.462707380776582   0.4999999999999999 0.4999999999999999
0.060232114989597976   -7.387896942494726   0.4999999999999999 0.4999999999999999
0.065707761806834160   -7.305606173290845   0.4999999999999999 0.4999999999999999
0.071183408624070340   -7.215750929029371   0.4999999999999999 0.4999999999999999
0.076659055441306520   -7.118246923231862   0.4999999999999999 0.4999999999999999
0.082134702258542700   -7.013012287308922   0.4999999999999999 0.4999999999999999
0.087610349075778890   -6.8999705318667255  0.4999999999999999 0.4999999999999999
0.093085995893015070   -6.779053903161553   0.4999999999999999 0.4999999999999999
0.098561642710251250   -6.650207114376447   0.4999999999999999 0.4999999999999999
0.104037289527487430   -6.513391416159743   0.4999999999999999 0.4999999999999999
0.109512936344723620   -6.368588955286437   0.4999999999999999 0.4999999999999999
0.114988583161959800   -6.215807354902473   0.4999999999999999 0.4999999999999999
0.120464229979195980   -6.05508443512663    0.4999999999999999 0.4999999999999999
0.125939876796432150   -5.886492979352381   0.4999999999999999 0.4999999999999999
0.131415523613668320   -5.710145439931627   0.4999999999999999 0.4999999999999999
0.136891170430904490   -5.526198467518581   0.4999999999999999 0.4999999999999999
0.142366817248140650   -5.334857141638912   0.4999999999999999 0.4999999999999999
0.147842464065376820   -5.136378776394686   0.4999999999999999 0.4999999999999999
0.153318110882613000   -4.931076174909595   0.4999999999999999 0.4999999999999999
0.158793757699849160   -4.719320209360669   0.4999999999999999 0.4999999999999999
0.164269404517085330   -4.5015416103338115  0.4999999999999999 0.4999999999999999
0.169745051334321500   -4.278231859777783   0.4999999999999999 0.4999999999999999
0.175220698151557660   -4.049943095904475   0.4999999999999999 0.4999999999999999
0.180696344968793830   -3.8172869557750477  0.4999999999999999 0.4999999999999999
0.186171991786030000   -3.580932301700328   0.4999999999999999 0.4999999999999999
0.191647638603266170   -3.3416018005511408  0.4999999999999999 0.4999999999999999
0.197123285420502340   -3.1000673501127394  0.4999999999999999 0.4999999999999999
0.202598932237738500   -2.857144373144013   0.4999999999999999 0.4999999999999999
0.208074579054974670   -2.6136850271715155  0.4999999999999999 0.4999999999999999
0.213550225872210840   -2.370570405570149   0.4999999999999999 0.4999999999999999
0.219025872689447000   -2.128701832438712   0.4999999999999999 0.4999999999999999
0.224501519506683180   -1.888991379443871   0.4999999999999999 0.4999999999999999
0.229977166323919350   -1.6523517564659769  0.4999999999999999 0.4999999999999999
0.235452813141155510   -1.4196857488526358  0.4999999999999999 0.4999999999999999
0.240928459958391680   -1.1918753917387472  0.4999999999999999 0.4999999999999999
0.246404106775627850   -0.969771085663342   0.4999999999999999 0.4999999999999999
0.251879753592864000   -0.7541808671272183  0.4999999999999999 0.4999999999999999
0.257355400410100200   -0.5458600524156803  0.4999999999999999 0.4999999999999999
0.262831047227336360   -0.34550147269533726 0.4999999999999999 0.4999999999999999
0.268306694044572500   -0.15372651294207254 0.4999999999999999 0.4999999999999999
0.273782340861808700   0.028922843342152532 0.4999999999999999 0.4999999999999999
0.273782340861808700   0.028922843342152532 0.4999999999999999 0.4999999999999999
0.276520164270837500   -0.05928876519560525 0.4999999999999998 0.5000000000000003
0.279257987679866260   -0.14615147606484538 0.4999999999999999 0.5000000000000001
0.281995811088895040   -0.23164243639924412 0.5000000000000001 0.4999999999999998
0.284733634497923800   -0.31578082929542106 0.4999999999999999 0.4999999999999999
0.287471457906952600   -0.39858328797057807 0.4999999999999999 0.4999999999999998
0.290209281315981400   -0.48006372871311676 0.4999999999999999 0.4999999999999998
0.292947104725010200   -0.5602332088328702  0.4999999999999999 0.4999999999999998
0.295684928134038960   -0.6390998061562299  0.4999999999999999 0.4999999999999999
0.298422751543067740   -0.716668520190883   0.4999999999999999 0.4999999999999999
0.301160574952096500   -0.7929411953290451  0.4999999999999999 0.5000000000000001
0.303898398361125300   -0.8679164663961044  0.4999999999999999 0.4999999999999999
0.306636221770154100   -0.9415897267368046  0.4999999999999999 0.5000000000000001
0.309374045179182900   -1.0139531189030362  0.4999999999999999 0.4999999999999999
0.312111868588211660   -1.084995547875178   0.4999999999999999 0.4999999999999999
0.314849691997240440   -1.1547027166158363  0.4999999999999999 0.4999999999999998
0.317587515406269200   -1.2230571836221467  0.4999999999999999 0.4999999999999999
0.320325338815298000   -1.2900384420117863  0.4999999999999999 0.5000000000000001
0.323063162224326800   -1.3556230195492474  0.4999999999999999 0.5000000000000001
0.325800985633355600   -1.4197845988936981  0.4999999999999999 0.4999999999999999
0.328538809042384360   -1.4824941572286945  0.4999999999999999 0.4999999999999998
0.331276632451413140   -1.5437201243177958  0.4999999999999999 0.4999999999999996
0.334014455860441930   -1.6034285579196985  0.4999999999999999 0.5000000000000002
0.336752279269470700   -1.6615833353923055  0.4999999999999999 0.4999999999999999
0.339490102678499500   -1.7181463602181022  0.4999999999999999 0.4999999999999999
0.342227926087528300   -1.773077782093727   0.4999999999999999 0.4999999999999998
0.344965749496557060   -1.82633622914547    0.4999999999999999 0.5000000000000001
0.347703572905585840   -1.8778790507599437  0.4999999999999999 0.4999999999999999
0.350441396314614630   -1.9276625694559735  0.4999999999999999 0.4999999999999998
0.353179219723643400   -1.9756423401702434  0.4999999999999999 0.4999999999999999
0.355917043132672200   -2.0217734152855793  0.4999999999999999 0.5000000000000001
0.358654866541701000   -2.066010613697582   0.5000000000000001 0.4999999999999998
0.361392689950729760   -2.108308792192517   0.4999999999999999 0.5000000000000002
0.364130513359758550   -2.1486231173973156  0.4999999999999999 0.4999999999999999
0.366868336768787330   -2.18690933656127    0.4999999999999999 0.5000000000000001
0.369606160177816100   -2.2231240454384738  0.4999999999999999 0.5000000000000001
0.372343983586844900   -2.2572249515603624  0.4999999999999999 0.5000000000000002
0.375081806995873700   -2.289171131218565   0.4999999999999999 0.4999999999999999
0.377819630404902460   -2.318923278519683   0.4999999999999999 0.4999999999999998
0.380557453813931250   -2.346443944925162   0.4999999999999999 0.4999999999999996
0.383295277222960030   -2.371697767750919   0.4999999999999999 0.4999999999999999
0.386033100631988800   -2.394651686172394   0.4999999999999999 0.5000000000000002
0.388770924041017600   -2.4152751433607893  0.4999999999999999 0.4999999999999998
0.391508747450046400   -2.433540273464991   0.4999999999999999 0.5000000000000002
0.394246570859075160   -2.44942207225035    0.4999999999999999 0.5000000000000001
0.396984394268103950   -2.4628985503097836  0.4999999999999999 0.4999999999999998
0.399722217677132730   -2.473950867873546   0.4999999999999999 0.4999999999999999
0.402460041086161500   -2.4825634503612206  0.4999999999999999 0.4999999999999999
0.405197864495190300   -2.488724083941842   0.4999999999999999 0.5000000000000001
0.407935687904219100   -2.492423990495243   0.4999999999999999 0.5000000000000001
0.410673511313247860   -2.4936578814984878  0.4999999999999999 0.4999999999999999
0.410673511313247860   -2.4936578814984878  0.4999999999999999 0.4999999999999999
0.415415607980092470   -2.509984435934819   0.4999999999999999 0.4999999999999999
0.420157704646937100   -2.558007260679455   0.4999999999999999 0.4999999999999999
0.424899801313781700   -2.6350820114630933  0.4999999999999999 0.5000000000000002
0.429641897980626300   -2.7374408060012243  0.4999999999999999 0.5000000000000001
0.434383994647470900   -2.8608441264654094  0.4999999999999999 0.5000000000000001
0.439126091314315500   -3.001109849120737   0.4999999999999999 0.5000000000000001
0.443868187981160100   -3.1544368252778257  0.4999999999999999 0.4999999999999999
0.448610284648004730   -3.3175442964178528  0.4999999999999999 0.4999999999999998
0.453352381314849340   -3.4876889057630853  0.4999999999999999 0.5000000000000001
0.458094477981693950   -3.662617594459478   0.4999999999999999 0.5000000000000001
0.462836574648538560   -3.840495984992148   0.4999999999999999 0.5000000000000001
0.467578671315383170   -4.019834180029477   0.4999999999999999 0.4999999999999999
0.472320767982227800   -4.1994199783207025  0.4999999999999999 0.5000000000000001
0.477062864649072400   -4.37826280492586    0.4999999999999999 0.4999999999999998
0.481804961315917000   -4.55554839401812    0.4999999999999999 0.4999999999999999
0.486547057982761600   -4.730602937200491   0.4999999999999999 0.4999999999999999
0.491289154649606200   -4.902865050873679   0.4999999999999999 0.4999999999999999
0.496031251316450800   -5.071863984202802   0.4999999999999999 0.4999999999999999
0.500773347983295400   -5.237202712478181   0.4999999999999999 0.4999999999999999
0.505515444650140000   -5.398544813423969   0.4999999999999999 0.4999999999999999
0.510257541316984500   -5.555604254928766   0.4999999999999999 0.4999999999999998
0.514999637983829100   -5.708137415623823   0.4999999999999999 0.4999999999999999
0.519741734650673600   -5.855936813897166   0.4999999999999999 0.4999999999999996
0.524483831317518200   -5.998826141224281   0.4999999999999999 0.4999999999999999
0.529225927984362700   -6.1366562884524525  0.4999999999999999 0.4999999999999999
0.533968024651207300   -6.269302124872901   0.4999999999999999 0.4999999999999996
0.538710121318051800   -6.3966598445793865  0.4999999999999999 0.4999999999999998
0.543452217984896400   -6.51864473673758    0.4999999999999999 0.4999999999999999
0.548194314651741000   -6.635189269050781   0.4999999999999999 0.4999999999999999
0.552936411318585500   -6.746241399227585   0.4999999999999999 0.5000000000000001
0.557678507985430100   -6.851763049371944   0.4999999999999999 0.4999999999999996
0.562420604652274600   -6.951728694213705   0.4999999999999999 0.4999999999999999
0.567162701319119200   -7.046124026930978   0.4999999999999999 0.5000000000000001
0.571904797985963700   -7.134944676686894   0.4999999999999999 0.5000000000000001
0.576646894652808300   -7.218194960431873   0.4999999999999999 0.5000000000000001
0.581388991319652800   -7.295886658390578   0.4999999999999999 0.5000000000000002
0.586131087986497400   -7.368037808244495   0.4999999999999999 0.4999999999999998
0.590873184653341900   -7.434671517548477   0.4999999999999999 0.4999999999999999
0.595615281320186500   -7.49581479754066    0.4999999999999999 0.4999999999999999
0.600357377987031000   -7.551497424342503   0.4999999999999999 0.4999999999999998
0.605099474653875600   -7.601750835692809   0.4999999999999999 0.4999999999999999
0.609841571320720100   -7.64660707289356    0.4999999999999999 0.5000000000000002
0.614583667987564700   -7.6860977786280325  0.4999999999999999 0.4999999999999999
0.619325764654409200   -7.720253261798932   0.4999999999999999 0.4999999999999998
0.624067861321253800   -7.749101640574665   0.4999999999999999 0.5000000000000001
0.628809957988098400   -7.772668074472884   0.4999999999999999 0.4999999999999999
0.633552054654942900   -7.790974095596276   0.4999999999999999 0.4999999999999998
0.638294151321787500   -7.804037048112266   0.4999999999999999 0.4999999999999999
0.643036247988632000   -7.811869643780466   0.4999999999999999 0.4999999999999999
0.647778344655476600   -7.814479639826032   0.4999999999999999 0.4999999999999999

0.000000000000000000   11.747905408399674   0.4999999999999999 0.4999999999999999
0.005475646817236179   11.737602096506889   0.4999999999999999 0.4999999999999999
0.010951293634472357   11.706734005582335   0.4999999999999999 0.4999999999999999
0.016426940451708536   11.655426555188342   0.4999999999999999 0.4999999999999999
0.021902587268944715   11.583888390256897   0.4999999999999999 0.4999999999999999
0.027378234086180894   11.492410781134739   0.4999999999999999 0.4999999999999999
0.032853880903417070   11.381366747637433   0.4999999999999999 0.4999999999999999
0.038329527720653250   11.251209873138606   0.4999999999999999 0.4999999999999999
0.043805174537889430   11.1024727678445     0.4999999999999999 0.4999999999999999
0.049280821355125610   10.935765135519743   0.4999999999999999 0.4999999999999999
0.054756468172361794   10.751771395339127   0.4999999999999999 0.4999999999999999
0.060232114989597976   10.551247810465995   0.4999999999999999 0.4999999999999999
0.065707761806834160   10.33501907753786    0.4999999999999999 0.4999999999999999
0.071183408624070340   10.103974336520187   0.4999999999999999 0.4999999999999999
0.076659055441306520   9.859062568320887    0.4999999999999999 0.4999999999999999
0.082134702258542700   9.601287357997704    0.4999999999999999 0.4999999999999999
0.087610349075778890   9.331701014104295    0.4999999999999999 0.4999999999999999
0.093085995893015070   9.05139804938758     0.4999999999999999 0.4999999999999999
0.098561642710251250   8.7615080442731      0.4999999999999999 0.4999999999999999
0.104037289527487430   8.46318793189337     0.4999999999999999 0.4999999999999999
0.109512936344723620   8.15761376131221     0.4999999999999999 0.4999999999999999
0.114988583161959800   7.845972013523302    0.4999999999999999 0.4999999999999999
0.120464229979195980   7.52945056218051     0.4999999999999999 0.4999999999999999
0.125939876796432150   7.209229387273789    0.4999999999999999 0.4999999999999999
0.131415523613668320   6.886471164534702    0.4999999999999999 0.4999999999999999
0.136891170430904490   6.562311865707817    0.4999999999999999 0.4999999999999999
0.142366817248140650   6.237851514475052    0.4999999999999999 0.4999999999999999
0.147842464065376820   5.914145249349495    0.4999999999999999 0.4999999999999999
0.153318110882613000   5.5921948479215615   0.4999999999999999 0.4999999999999999
0.158793757699849160   5.27294086619133     0.4999999999999999 0.4999999999999999
0.164269404517085330   4.957255542203811    0.4999999999999999 0.4999999999999999
0.169745051334321500   4.64593660477199     0.4999999999999999 0.4999999999999999
0.175220698151557660   4.339702115789096    0.4999999999999999 0.4999999999999999
0.180696344968793830   4.039186458670363    0.4999999999999999 0.4999999999999999
0.186171991786030000   3.74493756610771     0.4999999999999999 0.4999999999999999
0.191647638603266170   3.457415457952848    0.4999999999999999 0.4999999999999999
0.197123285420502340   3.1769921351436934   0.4999999999999999 0.4999999999999999
0.202598932237738500   2.903952848716815    0.4999999999999999 0.4999999999999999
0.208074579054974670   2.638498734734553    0.4999999999999999 0.4999999999999999
0.213550225872210840   2.3807507770815506   0.4999999999999999 0.4999999999999999
0.219025872689447000   2.130755031268645    0.4999999999999999 0.4999999999999999
0.224501519506683180   1.8884890143551258   0.4999999999999999 0.4999999999999999
0.229977166323919350   1.6538691395914404   0.4999999999999999 0.4999999999999999
0.235452813141155510   1.4267590500986647   0.4999999999999999 0.4999999999999999
0.240928459958391680   1.2069786844988426   0.4999999999999999 0.4999999999999999
0.246404106775627850   0.9943138894910871   0.4999999999999999 0.4999999999999999
0.251879753592864000   0.7885263804514022   0.4999999999999999 0.4999999999999999
0.257355400410100200   0.5893638416444333   0.4999999999999999 0.4999999999999999
0.262831047227336360   0.3965699528908759   0.4999999999999999 0.4999999999999999
0.268306694044572500   0.20989412973451338  0.4999999999999999 0.4999999999999999
0.273782340861808700   0.029100769374123897 0.4999999999999999 0.4999999999999999
0.273782340861808700   0.029100769374123897 0.4999999999999999 0.4999999999999999
0.276520164270837500   0.11680929843490521  0.5000000000000001 0.4999999999999999
0.279257987679866260   0.2021169043146484   0.4999999999999999 0.5000000000000001
0.281995811088895040   0.28493654900570586  0.4999999999999999 0.5000000000000001
0.284733634497923800   0.36523158610822215  0.4999999999999999 0.4999999999999999
0.287471457906952600   0.4429714408593234   0.4999999999999999 0.4999999999999998
0.290209281315981400   0.5181316635695759   0.4999999999999999 0.4999999999999998
0.292947104725010200   0.5906939612797758   0.4999999999999999 0.4999999999999998
0.295684928134038960   0.6606462030433959   0.4999999999999999 0.4999999999999999
0.298422751543067740   0.7279823980815768   0.4999999999999999 0.4999999999999999
0.301160574952096500   0.792702646571064    0.4999999999999999 0.5000000000000001
0.303898398361125300   0.8548130630383352   0.4999999999999999 0.4999999999999999
0.306636221770154100   0.9143256724970745   0.4999999999999999 0.5000000000000001
0.309374045179182900   0.9712582796190486   0.4999999999999999 0.4999999999999999
0.312111868588211660   1.0256343113777706   0.4999999999999999 0.4999999999999999
0.314849691997240440   1.0774826337515502   0.4999999999999999 0.4999999999999998
0.317587515406269200   1.1268373432172558   0.4999999999999999 0.4999999999999999
0.320325338815298000   1.1737375339079361   0.4999999999999999 0.5000000000000001
0.323063162224326800   1.2182270414454244   0.4999999999999999 0.5000000000000001
0.325800985633355600   1.2603541645924725   0.4999999999999999 0.4999999999999999
0.328538809042384360   1.3001713659970333   0.4999999999999999 0.4999999999999998
0.331276632451413140   1.3377349534231289   0.4999999999999999 0.4999999999999996
0.334014455860441930   1.3731047429777432   0.5000000000000001 0.5000000000000001
0.336752279269470700   1.406343705950442    0.4999999999999999 0.4999999999999999
0.339490102678499500   1.4375176009813786   0.4999999999999999 0.4999999999999999
0.342227926087528300   1.466694593363353    0.4999999999999999 0.4999999999999998
0.344965749496557060   1.4939448633640484   0.4999999999999999 0.5000000000000001
0.347703572905585840   1.5193402055248866   0.4999999999999999 0.4999999999999999
0.350441396314614630   1.5429536209527759   0.4999999999999999 0.4999999999999998
0.353179219723643400   1.564858904669893    0.4999999999999999 0.4999999999999999
0.355917043132672200   1.5851302301241041   0.4999999999999999 0.5000000000000001
0.358654866541701000   1.6038417329886603   0.4999999999999999 0.4999999999999999
0.361392689950729760   1.6210670963938811   0.4999999999999999 0.5000000000000002
0.364130513359758550   1.6368791397358182   0.4999999999999999 0.4999999999999999
0.366868336768787330   1.6513494131970472   0.4999999999999999 0.5000000000000001
0.369606160177816100   1.664547800093011    0.4999999999999999 0.5000000000000001
0.372343983586844900   1.6765421291235953   0.4999999999999999 0.5000000000000002
0.375081806995873700   1.6873977985641784   0.4999999999999999 0.4999999999999999
0.377819630404902460   1.6971774143733678   0.4999999999999999 0.4999999999999998
0.380557453813931250   1.7059404441263817   0.4999999999999999 0.4999999999999996
0.383295277222960030   1.7137428886038826   0.4999999999999999 0.4999999999999999
0.386033100631988800   1.7206369727764241   0.4999999999999999 0.5000000000000002
0.388770924041017600   1.7266708578250964   0.4999999999999999 0.4999999999999998
0.391508747450046400   1.7318883757299675   0.5000000000000001 0.5000000000000001
0.394246570859075160   1.7363287878400322   0.5000000000000001 0.4999999999999999
0.396984394268103950   1.7400265687125003   0.4999999999999999 0.4999999999999998
0.399722217677132730   1.7430112163757918   0.4999999999999999 0.4999999999999999
0.402460041086161500   1.7453070900306262   0.4999999999999999 0.4999999999999999
0.405197864495190300   1.7469332760576084   0.4999999999999999 0.5000000000000001
0.407935687904219100   1.7479034830488536   0.4999999999999999 0.5000000000000001
0.410673511313247860   1.7482259664260191   0.4999999999999999 0.4999999999999999
0.410673511313247860   1.7482259664260191   0.4999999999999999 0.4999999999999999
0.415415607980092470   1.7686668810678536   0.4999999999999999 0.4999999999999999
0.420157704646937100   1.8290224842284164   0.4999999999999999 0.4999999999999999
0.424899801313781700   1.9266174720915288   0.5000000000000001 0.5000000000000001
0.429641897980626300   2.057632188329217    0.4999999999999999 0.5000000000000001
0.434383994647470900   2.217754270243006    0.4999999999999999 0.5000000000000001
0.439126091314315500   2.4027073311681795   0.4999999999999999 0.5000000000000001
0.443868187981160100   2.6085741146696333   0.4999999999999999 0.4999999999999999
0.448610284648004730   2.831935417669058    0.4999999999999999 0.4999999999999998
0.453352381314849340   3.0698865617032327   0.4999999999999999 0.5000000000000001
0.458094477981693950   3.3199897197500476   0.4999999999999999 0.5000000000000001
0.462836574648538560   3.5802017225097504   0.4999999999999999 0.5000000000000001
0.467578671315383170   3.848799295216436    0.4999999999999999 0.4999999999999999
0.472320767982227800   4.124311750681365    0.4999999999999999 0.5000000000000001
0.477062864649072400   4.405464460681471    0.4999999999999999 0.4999999999999998
0.481804961315917000   4.691133169068059    0.4999999999999999 0.4999999999999999
0.486547057982761600   4.980307884506342    0.4999999999999999 0.4999999999999999
0.491289154649606200   5.272064730715387    0.4999999999999999 0.4999999999999999
0.496031251316450800   5.56554419898944     0.4999999999999999 0.4999999999999999
0.500773347983295400   5.8599344694786435   0.4999999999999999 0.4999999999999999
0.505515444650140000   6.154458718485022    0.4999999999999999 0.4999999999999999
0.510257541316984500   6.448365557566636    0.4999999999999999 0.4999999999999998
0.514999637983829100   6.7409219404425675   0.4999999999999999 0.4999999999999999
0.519741734650673600   7.0314080247746835   0.4999999999999999 0.4999999999999996
0.524483831317518200   7.319113592833426    0.4999999999999999 0.4999999999999999
0.529225927984362700   7.60333572421938     0.4999999999999999 0.4999999999999999
0.533968024651207300   7.883377481241906    0.4999999999999999 0.4999999999999996
0.538710121318051800   8.158547418335463    0.4999999999999999 0.4999999999999998
0.543452217984896400   8.428159765077451    0.4999999999999999 0.4999999999999999
0.548194314651741000   8.691535161095016    0.4999999999999999 0.4999999999999999
0.552936411318585500   8.948001842797087    0.4999999999999999 0.5000000000000001
0.557678507985430100   9.196897198239897    0.4999999999999999 0.4999999999999996
0.562420604652274600   9.437569618876982    0.4999999999999999 0.4999999999999999
0.567162701319119200   9.66938058646824     0.4999999999999999 0.5000000000000001
0.571904797985963700   9.89170694078369     0.4999999999999999 0.5000000000000001
0.576646894652808300   10.10394327950432    0.4999999999999999 0.5000000000000001
0.581388991319652800   10.305504446322207   0.4999999999999999 0.5000000000000002
0.586131087986497400   10.495828066997314   0.4999999999999999 0.4999999999999998
0.590873184653341900   10.674377096283063   0.4999999999999999 0.4999999999999999
0.595615281320186500   10.840642341370847   0.4999999999999999 0.4999999999999999
0.600357377987031000   10.994144929964577   0.4999999999999999 0.4999999999999998
0.605099474653875600   11.134438693385041   0.4999999999999999 0.4999999999999999
0.609841571320720100   11.26111243729841    0.4999999999999999 0.5000000000000002
0.614583667987564700   11.37379207482134    0.4999999999999999 0.4999999999999999
0.619325764654409200   11.4721425989181     0.4999999999999999 0.4999999999999998
0.624067861321253800   11.555869873201544   0.4999999999999999 0.5000000000000001
0.628809957988098400   11.624722222497812   0.4999999999999999 0.4999999999999999
0.633552054654942900   11.678491806844251   0.4999999999999999 0.4999999999999998
0.638294151321787500   11.717015764964739   0.4999999999999999 0.4999999999999999
0.643036247988632000   11.740177115704311   0.4999999999999999 0.4999999999999999
0.647778344655476600   11.747905408399674   0.4999999999999999 0.4999999999999999

