# k Energy [eV] 
# Emax = 11.5645022730587
# Emin = -8.003676504485057
# num_wann = 2
# shifted by fermi energy = -0.1863 [eV] 

0.000000000000000000   -7.817376504485057   
0.005475646817236179   -7.813880034775486   
0.010951293634472357   -7.8033862132332255  
0.016426940451708536   -7.785881817098001   
0.021902587268944715   -7.761344861545741   
0.027378234086180894   -7.729744696071556   
0.032853880903417070   -7.691042172049388   
0.038329527720653250   -7.645189912223118   
0.043805174537889430   -7.592132719073936   
0.049280821355125610   -7.53180816337641    
0.054756468172361794   -7.4641473965294685  
0.060232114989597976   -7.38907623023188    
0.065707761806834160   -7.306516524648583   
0.071183408624070340   -7.216387921356222   
0.076659055441306520   -7.118609950123193   
0.082134702258542700   -7.013104529120407   
0.087610349075778890   -6.899798866708514   
0.093085995893015070   -6.778628759818533   
0.098561642710251250   -6.649542269520724   
0.104037289527487430   -6.512503739104954   
0.109512936344723620   -6.367498104365936   
0.114988583161959800   -6.214535430321162   
0.120464229979195980   -6.053655593827711   
0.125939876796432150   -5.88493301804395    
0.131415523613668320   -5.7084813529249425  
0.136891170430904490   -5.524457986431322   
0.142366817248140650   -5.333068264306928   
0.147842464065376820   -5.134569292509691   
0.153318110882613000   -4.929273195955364   
0.158793757699849160   -4.717549710355505   
0.164269404517085330   -4.499827990703539   
0.169745051334321500   -4.276597530383884   
0.175220698151557660   -4.04840809884117    
0.180696344968793830   -3.81586862303343    
0.186171991786030000   -3.5796449581851952  
0.191647638603266170   -3.340456516236684   
0.197123285420502340   -3.0990717453475902  
0.202598932237738500   -2.856302480276664   
0.208074579054974670   -2.6129972107770305  
0.213550225872210840   -2.3700333426322913  
0.219025872689447000   -2.1283085528929013  
0.224501519506683180   -1.8887313665305918  
0.229977166323919350   -1.6522111053965403  
0.235452813141155510   -1.4196473813644457  
0.240928459958391680   -1.191919323230114   
0.246404106775627850   -0.9698747407623537  
0.251879753592864000   -0.7543194387784845  
0.257355400410100200   -0.5460068988750488  
0.262831047227336360   -0.34562854621693884 
0.268306694044572500   -0.15380481343386568 
0.273782340861808700   0.028922796820740837 
0.273782340861808700   0.028922796820740837 
0.276520164270837500   -0.0593390004631075  
0.279257987679866260   -0.14625925515190244 
0.281995811088895040   -0.23181501519797412 
0.284733634497923800   -0.31602535769303286 
0.287471457906952600   -0.3989067801266325  
0.290209281315981400   -0.48047303378078177 
0.292947104725010200   -0.5607349822425319  
0.295684928134038960   -0.6397004815755235  
0.298422751543067740   -0.7173742822723447  
0.301160574952096500   -0.793757953353543   
0.303898398361125300   -0.8688498289167178  
0.306636221770154100   -0.9426449773239652  
0.309374045179182900   -1.0151351930874621  
0.312111868588211660   -1.0863090113805063  
0.314849691997240440   -1.1561517449678351  
0.317587515406269200   -1.2246455432160415  
0.320325338815298000   -1.2917694727135636  
0.323063162224326800   -1.357499618900819   
0.325800985633355600   -1.421809207985566   
0.328538809042384360   -1.4846687482972476  
0.331276632451413140   -1.5460461901176525  
0.334014455860441930   -1.6059071029145564  
0.336752279269470700   -1.6642148688006886  
0.339490102678499500   -1.7209308909431231  
0.342227926087528300   -1.7760148155586442  
0.344965749496557060   -1.8294247660493366  
0.347703572905585840   -1.8811175877601742  
0.350441396314614630   -1.9310491017770925  
0.353179219723643400   -1.979174366130546   
0.355917043132672200   -2.025447942725944   
0.358654866541701000   -2.0698241682892173  
0.361392689950729760   -2.1122574275930686  
0.364130513359758550   -2.1527024272175384  
0.366868336768787330   -2.1911144680973536  
0.369606160177816100   -2.227449715118229   
0.372343983586844900   -2.2616654620447294  
0.375081806995873700   -2.2937203900934455  
0.377819630404902460   -2.323574818506855   
0.380557453813931250   -2.3511909455350812  
0.383295277222960030   -2.3765330782945795  
0.386033100631988800   -2.399567850044066   
0.388770924041017600   -2.4202644234985096  
0.391508747450046400   -2.4385946788910116  
0.394246570859075160   -2.4545333855895852  
0.396984394268103950   -2.4680583561804004  
0.399722217677132730   -2.4791505820404636  
0.402460041086161500   -2.487794349540276   
0.405197864495190300   -2.4939773361398334  
0.407935687904219100   -2.497690685768962   
0.410673511313247860   -2.498929063014211   
0.410673511313247860   -2.498929063014211   
0.415415607980092470   -2.5151698218470235  
0.420157704646937100   -2.5629466419891704  
0.424899801313781700   -2.639645191951816   
0.429641897980626300   -2.741536595496946   
0.434383994647470900   -2.8644197308123536  
0.439126091314315500   -3.0041443750884764  
0.443868187981160100   -3.156932959602867   
0.448610284648004730   -3.3195207234781696  
0.453352381314849340   -3.4891744505251365  
0.458094477981693950   -3.6636471220110076  
0.462836574648538560   -3.8411077067286508  
0.467578671315383170   -4.020067957746919   
0.472320767982227800   -4.199316285588923   
0.477062864649072400   -4.377862099111099   
0.481804961315917000   -4.554890733560806   
0.486547057982761600   -4.7297277384933505  
0.491289154649606200   -4.901810919642263   
0.496031251316450800   -5.070668582604716   
0.500773347983295400   -5.235902639739094   
0.505515444650140000   -5.397175488106123   
0.510257541316984500   -5.554199793196503   
0.514999637983829100   -5.70673050363911    
0.519741734650673600   -5.8545585747027715  
0.524483831317518200   -5.997505997749285   
0.529225927984362700   -6.135421824972022   
0.533968024651207300   -6.268178949596793   
0.538710121318051800   -6.395671456168464   
0.543452217984896400   -6.517812397537046   
0.548194314651741000   -6.6345318877327975  
0.552936411318585500   -6.745775425383523   
0.557678507985430100   -6.8515023824033685  
0.562420604652274600   -6.951684608651457   
0.567162701319119200   -7.0463051160695604  
0.571904797985963700   -7.135356816161077   
0.576646894652808300   -7.218841293086383   
0.581388991319652800   -7.296767601504873   
0.586131087986497400   -7.369151083875279   
0.590873184653341900   -7.436012206445115   
0.595615281320186500   -7.497375416776409   
0.600357377987031000   -7.553268028490259   
0.605099474653875600   -7.603719141061775   
0.609841571320720100   -7.648758604036059   
0.614583667987564700   -7.688416036028161   
0.619325764654409200   -7.722719909370195   
0.624067861321253800   -7.7516967113265665  
0.628809957988098400   -7.775370192460101   
0.633552054654942900   -7.7937607120423955  
0.638294151321787500   -7.80688468940641    
0.643036247988632000   -7.814754168882279   
0.647778344655476600   -7.817376504485057   

0.000000000000000000   11.7508022730587     
0.005475646817236179   11.740482513749626   
0.010951293634472357   11.709565320104067   
0.016426940451708536   11.658176826491193   
0.021902587268944715   11.586526856658454   
0.027378234086180894   11.494908305191128   
0.032853880903417070   11.383696235959937   
0.038329527720653250   11.253346663988344   
0.043805174537889430   11.104394980399974   
0.049280821355125610   10.937453975318956   
0.054756468172361794   10.753211411092014   
0.060232114989597976   10.552427098203149   
0.065707761806834160   10.335929428895597   
0.071183408624070340   10.104611328847039   
0.076659055441306520   9.859425595212219    
0.082134702258542700   9.601379599809189    
0.087610349075778890   9.331529348946084    
0.093085995893015070   9.050972906044562    
0.098561642710251250   8.760843199417378    
0.104037289527487430   8.462300254838581    
0.109512936344723620   8.156522910391708    
0.114988583161959800   7.844700088941992    
0.120464229979195980   7.528021720881591    
0.125939876796432150   7.207669425965357    
0.131415523613668320   6.884807077528017    
0.136891170430904490   6.560571384620557    
0.142366817248140650   6.2360626371430685   
0.147842464065376820   5.912335765464501    
0.153318110882613000   5.59039186896733     
0.158793757699849160   5.2711703671861665   
0.164269404517085330   4.955541922573537    
0.169745051334321500   4.644302275378089    
0.175220698151557660   4.33816711872579     
0.180696344968793830   4.037768125928744    
0.186171991786030000   3.743650222592577    
0.191647638603266170   3.4562701736383916   
0.197123285420502340   3.1759965303785433   
0.202598932237738500   2.903110955849465    
0.208074579054974670   2.637810918340068    
0.213550225872210840   2.3802137141436934   
0.219025872689447000   2.1303617517228335   
0.224501519506683180   1.8882290014418457   
0.229977166323919350   1.653728488522003    
0.235452813141155510   1.4267206826104744   
0.240928459958391680   1.2070226159902082   
0.246404106775627850   0.9944175445900979   
0.251879753592864000   0.7886649521026677   
0.257355400410100200   0.5895106881038009   
0.262831047227336360   0.3966970264124765   
0.268306694044572500   0.2099724302263057   
0.273782340861808700   0.029100815895534704 
0.273782340861808700   0.029100815895534704 
0.276520164270837500   0.11685953370240668  
0.279257987679866260   0.20222468340170457  
0.281995811088895040   0.285109127804435    
0.284733634497923800   0.365476114505833    
0.287471457906952600   0.44329493301537704  
0.290209281315981400   0.5185409686372401   
0.292947104725010200   0.5911957346894368   
0.295684928134038960   0.6612468784626889   
0.298422751543067740   0.7286881601630376   
0.301160574952096500   0.7935194045955615   
0.303898398361125300   0.8557464255589481   
0.306636221770154100   0.9153809230842341   
0.309374045179182900   0.9724403538034737   
0.312111868588211660   1.026947774883098    
0.314849691997240440   1.078931662103548    
0.317587515406269200   1.12842570281115     
0.320325338815298000   1.175468564609713    
0.323063162224326800   1.2201036407969952   
0.325800985633355600   1.2623787736843393   
0.328538809042384360   1.3023459570655855   
0.331276632451413140   1.3400610192229843   
0.334014455860441930   1.3755832879726004   
0.336752279269470700   1.4089752393588242   
0.339490102678499500   1.4403021317063989   
0.342227926087528300   1.4696316268282694   
0.344965749496557060   1.4970334002679142   
0.347703572905585840   1.522578742525116    
0.350441396314614630   1.5463401532738932   
0.353179219723643400   1.5683909306301935   
0.355917043132672200   1.5888047575644684   
0.358654866541701000   1.6076552875802943   
0.361392689950729760   1.6250157317944327   
0.364130513359758550   1.6409584495560408   
0.366868336768787330   1.6555545447331301   
0.369606160177816100   1.668873469772765    
0.372343983586844900   1.6809826396079612   
0.375081806995873700   1.691947057439058    
0.377819630404902460   1.7018289543605385   
0.380557453813931250   1.7106874447363      
0.383295277222960030   1.7185781991475424   
0.386033100631988800   1.7255531366480963   
0.388770924041017600   1.7316601379628158   
0.391508747450046400   1.7369427811559872   
0.394246570859075160   1.741440101179267    
0.396984394268103950   1.745186374583117    
0.399722217677132730   1.7482109305427087   
0.402460041086161500   1.7505379892096806   
0.405197864495190300   1.7521865282555988   
0.407935687904219100   1.7531701783225722   
0.410673511313247860   1.7534971479417416   
0.410673511313247860   1.7534971479417416   
0.415415607980092470   1.7738522669800565   
0.420157704646937100   1.8339618655381311   
0.424899801313781700   1.9311806525802504   
0.429641897980626300   2.0617279778249378   
0.434383994647470900   2.221329874589949    
0.439126091314315500   2.4057418571359195   
0.443868187981160100   2.6110702489946735   
0.448610284648004730   2.833911844729375    
0.453352381314849340   3.071372106465283    
0.458094477981693950   3.3210192473015763   
0.462836574648538560   3.580813444246253    
0.467578671315383170   3.849033072933877    
0.472320767982227800   4.124208057949586    
0.477062864649072400   4.405063754866709    
0.481804961315917000   4.690475508610745    
0.486547057982761600   4.9794326857992015   
0.491289154649606200   5.271010599483971    
0.496031251316450800   5.564348797391354    
0.500773347983295400   5.858634396739555    
0.505515444650140000   6.153089393167175    
0.510257541316984500   6.446961095834373    
0.514999637983829100   6.739515028457855    
0.519741734650673600   7.03002978558029     
0.524483831317518200   7.3177934493584305   
0.529225927984362700   7.602101260738949    
0.533968024651207300   7.882254305965798    
0.538710121318051800   8.15755902992454     
0.543452217984896400   8.427327425876918    
0.548194314651741000   8.690877779777033    
0.552936411318585500   8.947535868953025    
0.557678507985430100   9.196636531271322    
0.562420604652274600   9.437525533314734    
0.567162701319119200   9.669561675606822    
0.571904797985963700   9.892119080257874    
0.576646894652808300   10.104589612158827   
0.581388991319652800   10.306385389436501   
0.586131087986497400   10.496941342628096   
0.590873184653341900   10.675717785179701   
0.595615281320186500   10.842202960606594   
0.600357377987031000   10.995915534112333   
0.605099474653875600   11.136406998754007   
0.609841571320720100   11.263263968440912   
0.614583667987564700   11.376110332221469   
0.619325764654409200   11.474609246489361   
0.624067861321253800   11.558464943953448   
0.628809957988098400   11.627424340485028   
0.633552054654942900   11.681278423290369   
0.638294151321787500   11.719863406258883   
0.643036247988632000   11.743061640806118   
0.647778344655476600   11.7508022730587     

